3.0996	 54.7781
3.0996	 54.7781
3.0996	 54.7781
3.08418	 56.7679
3.06892	 58.916
3.0538	 61.0674
3.03883	 63.4029
3.024	 65.9589
3.00932	 67.0573
2.99479	 68.3288
2.98039	 69.6968
2.96613	 71.2582
2.952	 74.058
2.93801	 77.0837
2.92416	 79.683
2.91043	 81.6818
2.89683	 83.7888
2.88335	 86.0386
2.87	 89.3883
2.85678	 93.0622
2.84367	 97.109
2.83069	 99.3233
2.81782	 99.9346
2.80507	 100.253
2.79244	 100.146
2.77991	 100.04
2.7675	 99.9364
2.7552	 99.8358
2.74301	 99.2014
2.73093	 98.3181
2.71895	 98.0341
2.70708	 100.539
2.69531	 103.167
2.68364	 105.943
2.67207	 108.87
2.6606	 111.953
2.64923	 115.226
2.63796	 119.111
2.62678	 125.415
2.6157	 132.153
2.60471	 125.615
2.59381	 119.727
2.583	 114.389
2.57229	 109.53
2.56166	 105.078
2.55111	 100.986
2.54066	 97.2085
2.53029	 94.063
2.52	 91.2881
2.5098	 89.1581
2.49968	 87.5505
2.48964	 85.7774
2.47968	 84.0398
2.4698	 82.3932
2.46	 80.8329
2.45028	 79.3524
2.44063	 77.9591
2.43106	 76.6349
2.42157	 75.4289
2.41214	 74.3421
2.40279	 73.2982
2.39352	 72.2967
2.38431	 71.3256
2.37518	 70.3864
2.36611	 69.473
2.35711	 68.5889
2.34819	 67.7358
2.33932	 66.9138
2.33053	 66.1483
2.3218	 65.6982
2.31314	 65.2535
2.30454	 64.8203
2.296	 64.3938
2.28753	 64.0191
2.27912	 63.6711
2.27077	 63.3363
2.26249	 63.0124
2.25426	 62.4563
2.24609	 61.6276
2.23798	 60.8224
2.22993	 60.0383
2.22194	 59.234
2.214	 58.2475
2.20612	 57.2974
2.1983	 56.3818
2.19053	 56.0535
2.18282	 55.881
2.17516	 55.6884
2.16756	 55.4977
2.16	 55.3107
2.1525	 55.1268
2.14506	 54.9451
2.13766	 55.1881
2.13031	 55.8656
2.12302	 56.5867
2.11577	 57.3294
2.10857	 58.0922
2.10143	 58.854
2.09433	 59.5425
2.08728	 60.2669
2.08027	 61.0305
2.07331	 62.0631
2.0664	 63.7258
2.05954	 64.9717
2.05272	 65.8713
2.04594	 66.8474
2.03921	 67.9532
2.03253	 69.1449
2.02589	 70.4352
2.01929	 71.8315
2.01273	 73.3461
2.00622	 74.9965
1.99974	 76.8204
1.99331	 79.1402
1.98693	 81.6566
1.98058	 84.4097
1.97427	 87.4237
1.968	 89.6167
1.96178	 91.5535
1.95559	 94.0866
1.94944	 99.6603
1.94333	 106.007
1.93725	 113.277
1.93122	 121.749
1.92522	 131.747
1.91926	 142.597
1.91334	 169.07
1.90745	 231.725
